view_cell_center = [2.25, 7.75, 1.5]
view_cell_size = [1.5, 1.5, 0.4]
depth_range = [-0.42766728550195693, 7.07244257926941]
fov = 1.5271797180175781
focal = 417.8384990266475
camera_scale = 1.0
max_depth = 8.704841423034669
