view_cell_center = [0.783, -3.19, 1.39]
view_cell_size = [0.7, 0.7, 0.2]
depth_range = [0.1542200982570648, 8.358194804191589]
fov = 1.1386263370513916
focal = 625.0000310758528
camera_scale = 1.0
max_depth = 8.79825210571289
